[['Li',         (0.00000, 0.00000, 0.00000)],
['Li',         (1.75465, 1.75465, 1.75465)],
['Li',         (0.00000, 0.00000, 3.50930)],
['Li',         (1.75465, 1.75465, 5.26395)],
['Li',         (0.00000, 3.50930, 0.00000)],
['Li',         (1.75465, 5.26395, 1.75465)],
['Li',         (0.00000, 3.50930, 3.50930)],
['Li',         (1.75465, 5.26395, 5.26395)],
['Li',         (0.00000, 7.01860, 0.00000)],
['Li',         (1.75465, 8.77325, 1.75465)],
['Li',         (0.00000, 7.01860, 3.50930)],
['Li',         (1.75465, 8.77325, 5.26395)],
['Li',         (3.50930, 0.00000, 0.00000)],
['Li',         (5.26395, 1.75465, 1.75465)],
['Li',         (3.50930, 0.00000, 3.50930)],
['Li',         (5.26395, 1.75465, 5.26395)],
['Li',         (3.50930, 3.50930, 0.00000)],
['Li',         (5.26395, 5.26395, 1.75465)],
['Li',         (3.50930, 3.50930, 3.50930)],
['Li',         (5.26395, 5.26395, 5.26395)],
['Li',         (3.50930, 7.01860, 0.00000)],
['Li',         (5.26395, 8.77325, 1.75465)],
['Li',         (3.50930, 7.01860, 3.50930)],
['Li',         (5.26395, 8.77325, 5.26395)],
['Li',         (7.01860, 0.00000, 0.00000)],
['Li',         (8.77325, 1.75465, 1.75465)],
['Li',         (7.01860, 0.00000, 3.50930)],
['Li',         (8.77325, 1.75465, 5.26395)],
['Li',         (7.01860, 3.50930, 0.00000)],
['Li',         (8.77325, 5.26395, 1.75465)],
['Li',         (7.01860, 3.50930, 3.50930)],
['Li',         (8.77325, 5.26395, 5.26395)],
['Li',         (7.01860, 7.01860, 0.00000)],
['Li',         (8.77325, 8.77325, 1.75465)],
['Li',         (7.01860, 7.01860, 3.50930)],
['Li',         (8.77325, 8.77325, 5.26395)]]

[['C',         (4.88970, 4.59965, 10.25831)],
['C',          (5.31084, 5.19371, 8.23330)],
['O',          (5.76578, 6.11120, 8.98224)],
['C',          (5.77415, 5.70234, 10.27233)],
['O',          (5.29972, 5.21615, 7.11296)],
['H',          (5.21236, 3.79832, 10.81418)],
['H',          (3.95311, 4.87124, 10.54810)],
['H',          (5.46472, 6.47991, 10.86798)],
['H',          (6.71679, 5.41899, 10.52943)]]